11111110010011001100101111111
10000010001110111011101000001
10111010111011101110101011101
10111010011101110111001011101
10111010001000100010001011101
10000010010001000100001000001
11111110101010101010101111111
00000000111011101110100000000
11101111101100110011011000100
01001000001100110011000100011
01001010110001000100010111011
10001100100100010001011100001
01110011100010001000110010010
10001101010111011101110010111
10111010001110111011101000111
01110101101011101110100010001
11011011001100110011001010010
00001100100100110011000100011
10000111100001000100010111111
01001101110100010001011011001
10101011000010001000111110011
00000000111111011101100010111
11111110100110111010101010011
10000010101011101110100010011
10111010111100110011111110000
10111010011100110011101111010
10111010100001000101001111001
10000010110100010000010010010
11111110111010001000111100011
